0 0.489113 0.502317 0.228203 0.963198
0 0.238014 0.571211 0.153847 0.773271
0 0.489113 0.502317 0.228203 0.963198
0 0.238014 0.571211 0.153847 0.773271
0 0.488305 0.501031 0.228489 0.962219
0 0.237376 0.583279 0.163304 0.794058
0 0.541502 0.648994 0.121131 0.663368
0 0.739942 0.777786 0.090312 0.424538
0 0.488305 0.501031 0.228489 0.962219
0 0.237376 0.583279 0.163304 0.794058
0 0.541502 0.648994 0.121131 0.663368
0 0.739942 0.777786 0.090312 0.424538
0 0.489113 0.502317 0.228203 0.963198
0 0.238014 0.571211 0.153847 0.773271
0 0.489113 0.502317 0.228203 0.963198
0 0.238014 0.571211 0.153847 0.773271