0 0.249958 0.737460 0.382847 0.275909
0 0.387266 0.325976 0.647293 0.626005
0 0.245228 0.342110 0.214090 0.296120
0 0.249958 0.737460 0.382847 0.275909
0 0.387266 0.325976 0.647293 0.626005
0 0.245228 0.342110 0.214090 0.296120
0 0.250965 0.741992 0.379016 0.268180
0 0.389673 0.451663 0.640944 0.392877
0 0.245065 0.249278 0.212149 0.474015
0 0.250965 0.741992 0.379016 0.268180
0 0.389673 0.451663 0.640944 0.392877
0 0.245065 0.249278 0.212149 0.474015
0 0.249958 0.737460 0.382847 0.275909
0 0.387266 0.325976 0.647293 0.626005
0 0.245228 0.342110 0.214090 0.296120
0 0.249958 0.737460 0.382847 0.275909
0 0.387266 0.325976 0.647293 0.626005
0 0.245228 0.342110 0.214090 0.296120