0 0.730365 0.468765 0.535661 0.928119
0 0.315752 0.620735 0.300856 0.557713
0 0.730365 0.468765 0.535661 0.928119
0 0.315752 0.620735 0.300856 0.557713
0 0.729449 0.461426 0.539436 0.922851
0 0.740600 0.805067 0.515627 0.236759
0 0.235887 0.626174 0.466789 0.561698
0 0.729449 0.461426 0.539436 0.922851
0 0.740600 0.805067 0.515627 0.236759
0 0.235887 0.626174 0.466789 0.561698
0 0.730365 0.468765 0.535661 0.928119
0 0.315752 0.620735 0.300856 0.557713
0 0.730365 0.468765 0.535661 0.928119
0 0.315752 0.620735 0.300856 0.557713