0 0.311633 0.730623 0.378671 0.269803
0 0.422837 0.453316 0.638867 0.384145
0 0.311633 0.730623 0.378671 0.269803
0 0.422837 0.453316 0.638867 0.384145
0 0.311418 0.720323 0.378108 0.299982
0 0.284364 0.254363 0.221056 0.469103
0 0.095423 0.187257 0.190158 0.361856
0 0.421543 0.467451 0.634352 0.357095
0 0.442246 0.200666 0.248505 0.395379
0 0.311418 0.720323 0.378108 0.299982
0 0.284364 0.254363 0.221056 0.469103
0 0.095423 0.187257 0.190158 0.361856
0 0.421543 0.467451 0.634352 0.357095
0 0.442246 0.200666 0.248505 0.395379
0 0.311633 0.730623 0.378671 0.269803
0 0.422837 0.453316 0.638867 0.384145
0 0.311633 0.730623 0.378671 0.269803
0 0.422837 0.453316 0.638867 0.384145