0 0.433969 0.481700 0.274076 0.959025
0 0.252562 0.549120 0.153999 0.768639
0 0.651078 0.713708 0.180406 0.561529
0 0.433969 0.481700 0.274076 0.959025
0 0.252562 0.549120 0.153999 0.768639
0 0.651078 0.713708 0.180406 0.561529
0 0.435053 0.476580 0.270999 0.948117
0 0.233986 0.314093 0.112561 0.299187
0 0.248048 0.639022 0.150059 0.573779
0 0.435053 0.476580 0.270999 0.948117
0 0.233986 0.314093 0.112561 0.299187
0 0.248048 0.639022 0.150059 0.573779
0 0.433969 0.481700 0.274076 0.959025
0 0.252562 0.549120 0.153999 0.768639
0 0.651078 0.713708 0.180406 0.561529
0 0.433969 0.481700 0.274076 0.959025
0 0.252562 0.549120 0.153999 0.768639
0 0.651078 0.713708 0.180406 0.561529