0 0.650906 0.343605 0.509814 0.674571
0 0.888456 0.224938 0.220000 0.383972
0 0.650906 0.343605 0.509814 0.674571
0 0.888456 0.224938 0.220000 0.383972
0 0.651199 0.342609 0.507541 0.683571
0 0.890341 0.227777 0.218353 0.392799
0 0.651199 0.342609 0.507541 0.683571
0 0.890341 0.227777 0.218353 0.392799
0 0.650906 0.343605 0.509814 0.674571
0 0.888456 0.224938 0.220000 0.383972
0 0.650906 0.343605 0.509814 0.674571
0 0.888456 0.224938 0.220000 0.383972
0 0.593359 0.977778 0.275781 0.044444
0 0.593359 0.977778 0.275781 0.044444