0 0.255925 0.621028 0.508980 0.553870
0 0.748294 0.469212 0.502061 0.925629
0 0.758122 0.748906 0.483489 0.358603
0 0.255925 0.621028 0.508980 0.553870
0 0.748294 0.469212 0.502061 0.925629
0 0.758122 0.748906 0.483489 0.358603
0 0.753369 0.461292 0.492681 0.922583
0 0.758318 0.806344 0.483365 0.235975
0 0.255834 0.622454 0.511271 0.560258
0 0.181623 0.792840 0.021508 0.043779
0 0.753369 0.461292 0.492681 0.922583
0 0.758318 0.806344 0.483365 0.235975
0 0.255834 0.622454 0.511271 0.560258
0 0.181623 0.792840 0.021508 0.043779
0 0.255925 0.621028 0.508980 0.553870
0 0.748294 0.469212 0.502061 0.925629
0 0.758122 0.748906 0.483489 0.358603
0 0.255925 0.621028 0.508980 0.553870
0 0.748294 0.469212 0.502061 0.925629
0 0.758122 0.748906 0.483489 0.358603