0 0.138817 0.626894 0.276361 0.710888
0 0.540305 0.863085 0.865728 0.256828
0 0.138817 0.626894 0.276361 0.710888
0 0.540305 0.863085 0.865728 0.256828
0 0.236030 0.579803 0.302541 0.709340
0 0.125508 0.621153 0.250205 0.719654
0 0.546972 0.063957 0.060248 0.089929
0 0.236030 0.579803 0.302541 0.709340
0 0.125508 0.621153 0.250205 0.719654
0 0.546972 0.063957 0.060248 0.089929
0 0.236760 0.598656 0.298821 0.738045
0 0.138817 0.626894 0.276361 0.710888
0 0.540305 0.863085 0.865728 0.256828
0 0.236760 0.598656 0.298821 0.738045
0 0.138817 0.626894 0.276361 0.710888
0 0.540305 0.863085 0.865728 0.256828