0 0.238030 0.579384 0.298904 0.708080
0 0.130993 0.660175 0.261985 0.648299
0 0.510786 0.786086 0.906898 0.412012
0 0.238030 0.579384 0.298904 0.708080
0 0.130993 0.660175 0.261985 0.648299
0 0.510786 0.786086 0.906898 0.412012
0 0.236006 0.558232 0.299936 0.669627
0 0.325300 0.905586 0.040264 0.083595
0 0.547675 0.059333 0.060934 0.090028
0 0.236006 0.558232 0.299936 0.669627
0 0.325300 0.905586 0.040264 0.083595
0 0.547675 0.059333 0.060934 0.090028
0 0.238030 0.579384 0.298904 0.708080
0 0.130993 0.660175 0.261985 0.648299
0 0.510786 0.786086 0.906898 0.412012
0 0.238030 0.579384 0.298904 0.708080
0 0.130993 0.660175 0.261985 0.648299
0 0.510786 0.786086 0.906898 0.412012