0 0.542129 0.433280 0.404657 0.826045
0 0.149482 0.313674 0.297996 0.217680
0 0.542129 0.433280 0.404657 0.826045
0 0.149482 0.313674 0.297996 0.217680
0 0.542253 0.429313 0.394542 0.814525
0 0.149802 0.313334 0.298769 0.222189
0 0.910415 0.415204 0.033916 0.039432
0 0.542253 0.429313 0.394542 0.814525
0 0.149802 0.313334 0.298769 0.222189
0 0.910415 0.415204 0.033916 0.039432
0 0.542129 0.433280 0.404657 0.826045
0 0.149482 0.313674 0.297996 0.217680
0 0.542129 0.433280 0.404657 0.826045
0 0.149482 0.313674 0.297996 0.217680